                 3329.8963976964080                 5996.1690539930640            3.1901540108080   2427.8645222695780 937.1466880393042    3148.8867855120350
                  5393.8291078540820       947.8252466043868             4747.1607423559120 3631.8769008916174          4847.3529496140280                    6631.8538987297110
2268.0375268111743          8666.6217573393820       648.3603817664784          2662.5872679709220         756.9323382230431                    1193.8196369305065
8288.0609918070900      6024.6029101636870                2843.5036417557903 6652.5982573590750 3559.3334656784314 7407.7890007051310
      7392.5161617959320      42.9384452563286                 6802.8370797581665             89.1920597803020     2632.1194090429913        2943.0256219905505
6749.9938429785270    6576.1629680397800 4606.7064762569100   69.9878377865060       8548.2751717227800               8582.9076113988940
7698.9760330191670               9097.2617083780970     478.1042905563260 1069.9572139051372   719.3953731236569                    3353.5853303800990
             4510.7338754226110                    8022.3515235932130       6083.9582657462650          9352.2422103488880        3677.0884402194260                 7308.3684368723880
  9139.6877876063390            1451.4134191658134           2490.4467867297830                8728.9894448515530        138.1200385948855            6407.5287966219750
6229.9443209100650         5592.7190353236870       9.8958885978470                    8641.9308232749440                   6347.4259450684160   7236.3010371381080
